1 0.296875 0.5015625 0.134375 0.609375
1 0.39453125 0.56953125 0.078125 0.4015625
1 0.48203125 0.484375 0.1109375 0.534375
1 0.53359375 0.41171875 0.0765625 0.5109375
1 0.609375 0.43125 0.09375 0.465625
1 0.69140625 0.40078125 0.0953125 0.5046875
1 0.09453125 0.33515625 0.0359375 0.1921875
1 0.7828125 0.33125 0.0390625 0.146875
1 0.91484375 0.3546875 0.0359375 0.1375
1 0.97734375 0.3328125 0.0265625 0.1125
1 0.04296875 0.3015625 0.0359375 0.153125
1 0.1390625 0.33671875 0.053125 0.1171875
1 0.215625 0.328125 0.034375 0.1578125
1 0.17890625 0.31796875 0.0359375 0.1765625