1 0.14609375 0.54140625 0.2546875 0.5859375
1 0.365625 0.4421875 0.08125 0.365625
1 0.43984375 0.50859375 0.0921875 0.4078125
1 0.56640625 0.46875 0.0859375 0.4375
1 0.66484375 0.46796875 0.0796875 0.346875
1 0.71953125 0.4734375 0.0671875 0.4
1 0.80546875 0.4734375 0.0796875 0.365625
1 0.8640625 0.4609375 0.053125 0.3
1 0.90703125 0.4625 0.0484375 0.240625
1 0.95859375 0.4453125 0.0578125 0.284375
1 0.453125 0.42265625 0.053125 0.28125
1 0.0859375 0.4359375 0.053125 0.1734375
1 0.05703125 0.43984375 0.0390625 0.1046875